0 1 10
1 2 11
2 3 9
3 4 11
4 5 10
5 6 11
6 7 8
7 8 11
8 9 10
9 10 11
10 11 9
11 12 11
12 13 10
13 14 11
14 15 7
15 16 11
16 17 10
17 18 11
18 19 9
19 20 11
20 21 10
21 22 11
22 23 8
23 24 11
24 25 10
25 26 11
26 27 9
27 28 11
28 29 10
29 30 11
30 31 6
31 32 10
32 33 11
33 34 9
34 35 11
35 36 10
36 37 11
37 38 8
38 39 11
39 40 10
40 41 11
41 42 9
42 43 11
43 44 10
44 45 11
45 46 7
46 47 11
47 48 10
48 49 11
49 50 9
50 51 11
51 52 10
52 53 11
53 54 8
54 55 11
55 56 10
56 57 11
57 58 9
58 59 11
59 60 10
60 61 11
61 62 5
62 63 10
63 64 11
64 65 9
65 66 11
66 67 10
67 68 11
68 69 8
69 70 11
70 71 10
71 72 11
72 73 9
73 74 11
74 75 10
75 76 11
76 77 7
77 78 11
78 79 10
79 80 11
80 81 9
81 82 11
82 83 10
83 84 11
84 85 8
85 86 11
86 87 10
87 88 11
88 89 9
89 90 11
90 91 10
91 92 11
92 93 6
93 94 11
94 95 10
95 96 11
96 97 9
97 98 11
98 99 10
99 100 11
100 101 8
101 102 11
102 103 10
103 104 11
104 105 9
105 106 11
106 107 10
107 108 11
108 109 7
109 110 11
110 111 10
111 112 11
112 113 9
113 114 11
114 115 10
115 116 11
116 117 8
117 118 11
118 119 10
119 120 11
120 121 9
121 122 11
122 123 10
123 124 11
124 125 4
125 126 10
126 127 11
127 128 9
128 129 11
129 130 10
130 131 11
131 132 8
132 133 11
133 134 10
134 135 11
135 136 9
136 137 11
137 138 10
138 139 11
139 140 7
140 141 11
141 142 10
142 143 11
143 144 9
144 145 11
145 146 10
146 147 11
147 148 8
148 149 11
149 150 10
150 151 11
151 152 9
152 153 11
153 154 10
154 155 11
155 156 6
156 157 10
157 158 11
158 159 9
159 160 11
160 161 10
161 162 11
162 163 8
163 164 11
164 165 10
165 166 11
166 167 9
167 168 11
168 169 10
169 170 11
170 171 7
171 172 11
172 173 10
173 174 11
174 175 9
175 176 11
176 177 10
177 178 11
178 179 8
179 180 11
180 181 10
181 182 11
182 183 9
183 184 11
184 185 10
185 186 11
186 187 5
187 188 10
188 189 11
189 190 9
190 191 11
191 192 10
192 193 11
193 194 8
194 195 11
195 196 10
196 197 11
197 198 9
198 199 11
199 200 10
200 201 11
201 202 7
202 203 11
203 204 10
204 205 11
205 206 9
206 207 11
207 208 10
208 209 11
209 210 8
210 211 11
211 212 10
212 213 11
213 214 9
214 215 11
215 216 10
216 217 11
217 218 6
218 219 11
219 220 10
220 221 11
221 222 9
222 223 11
223 224 10
224 225 11
225 226 8
226 227 11
227 228 10
228 229 11
229 230 9
230 231 11
231 232 10
232 233 11
233 234 7
234 235 11
235 236 10
236 237 11
237 238 9
238 239 11
239 240 10
240 241 11
241 242 8
242 243 11
243 244 10
244 245 11
245 246 9
246 247 11
247 248 10
248 249 11
249 250 3
250 251 10
251 252 11
252 253 9
253 254 11
254 255 10
255 256 11
256 257 8
257 258 11
258 259 10
259 260 11
260 261 9
261 262 11
262 263 10
263 264 11
264 265 7
265 266 11
266 267 10
267 268 11
268 269 9
269 270 11
270 271 10
271 272 11
272 273 8
273 274 11
274 275 10
275 276 11
276 277 9
277 278 11
278 279 10
279 280 11
280 281 6
281 282 10
282 283 11
283 284 9
284 285 11
285 286 10
286 287 11
287 288 8
288 289 11
289 290 10
290 291 11
291 292 9
292 293 11
293 294 10
294 295 11
295 296 7
296 297 11
297 298 10
298 299 11
299 300 9
300 301 11
301 302 10
302 303 11
303 304 8
304 305 11
305 306 10
306 307 11
307 308 9
308 309 11
309 310 10
310 311 11
311 312 5
312 313 10
313 314 11
314 315 9
315 316 11
316 317 10
317 318 11
318 319 8
319 320 11
320 321 10
321 322 11
322 323 9
323 324 11
324 325 10
325 326 11
326 327 7
327 328 11
328 329 10
329 330 11
330 331 9
331 332 11
332 333 10
333 334 11
334 335 8
335 336 11
336 337 10
337 338 11
338 339 9
339 340 11
340 341 10
341 342 11
342 343 6
343 344 11
344 345 10
345 346 11
346 347 9
347 348 11
348 349 10
349 350 11
350 351 8
351 352 11
352 353 10
353 354 11
354 355 9
355 356 11
356 357 10
357 358 11
358 359 7
359 360 11
360 361 10
361 362 11
362 363 9
363 364 11
364 365 10
365 366 11
366 367 8
367 368 11
368 369 10
369 370 11
370 371 9
371 372 11
372 373 10
373 374 11
374 375 4
375 376 10
376 377 11
377 378 9
378 379 11
379 380 10
380 381 11
381 382 8
382 383 11
383 384 10
384 385 11
385 386 9
386 387 11
387 388 10
388 389 11
389 390 7
390 391 11
391 392 10
392 393 11
393 394 9
394 395 11
395 396 10
396 397 11
397 398 8
398 399 11
399 400 10
400 401 11
401 402 9
402 403 11
403 404 10
404 405 11
405 406 6
406 407 10
407 408 11
408 409 9
409 410 11
410 411 10
411 412 11
412 413 8
413 414 11
414 415 10
415 416 11
416 417 9
417 418 11
418 419 10
419 420 11
420 421 7
421 422 11
422 423 10
423 424 11
424 425 9
425 426 11
426 427 10
427 428 11
428 429 8
429 430 11
430 431 10
431 432 11
432 433 9
433 434 11
434 435 10
435 436 11
436 437 5
437 438 10
438 439 11
439 440 9
440 441 11
441 442 10
442 443 11
443 444 8
444 445 11
445 446 10
446 447 11
447 448 9
448 449 11
449 450 10
450 451 11
451 452 7
452 453 11
453 454 10
454 455 11
455 456 9
456 457 11
457 458 10
458 459 11
459 460 8
460 461 11
461 462 10
462 463 11
463 464 9
464 465 11
465 466 10
466 467 11
467 468 6
468 469 11
469 470 10
470 471 11
471 472 9
472 473 11
473 474 10
474 475 11
475 476 8
476 477 11
477 478 10
478 479 11
479 480 9
480 481 11
481 482 10
482 483 11
483 484 7
484 485 11
485 486 10
486 487 11
487 488 9
488 489 11
489 490 10
490 491 11
491 492 8
492 493 11
493 494 10
494 495 11
495 496 9
496 497 11
497 498 10
498 499 11
499 500 2
500 501 10
501 502 11
502 503 9
503 504 11
504 505 10
505 506 11
506 507 8
507 508 11
508 509 10
509 510 11
510 511 9
511 512 11
512 513 10
513 514 11
514 515 7
515 516 11
516 517 10
517 518 11
518 519 9
519 520 11
520 521 10
521 522 11
522 523 8
523 524 11
524 525 10
525 526 11
526 527 9
527 528 11
528 529 10
529 530 11
530 531 6
531 532 10
532 533 11
533 534 9
534 535 11
535 536 10
536 537 11
537 538 8
538 539 11
539 540 10
540 541 11
541 542 9
542 543 11
543 544 10
544 545 11
545 546 7
546 547 11
547 548 10
548 549 11
549 550 9
550 551 11
551 552 10
552 553 11
553 554 8
554 555 11
555 556 10
556 557 11
557 558 9
558 559 11
559 560 10
560 561 11
561 562 5
562 563 10
563 564 11
564 565 9
565 566 11
566 567 10
567 568 11
568 569 8
569 570 11
570 571 10
571 572 11
572 573 9
573 574 11
574 575 10
575 576 11
576 577 7
577 578 11
578 579 10
579 580 11
580 581 9
581 582 11
582 583 10
583 584 11
584 585 8
585 586 11
586 587 10
587 588 11
588 589 9
589 590 11
590 591 10
591 592 11
592 593 6
593 594 11
594 595 10
595 596 11
596 597 9
597 598 11
598 599 10
599 600 11
600 601 8
601 602 11
602 603 10
603 604 11
604 605 9
605 606 11
606 607 10
607 608 11
608 609 7
609 610 11
610 611 10
611 612 11
612 613 9
613 614 11
614 615 10
615 616 11
616 617 8
617 618 11
618 619 10
619 620 11
620 621 9
621 622 11
622 623 10
623 624 11
624 625 4
625 626 10
626 627 11
627 628 9
628 629 11
629 630 10
630 631 11
631 632 8
632 633 11
633 634 10
634 635 11
635 636 9
636 637 11
637 638 10
638 639 11
639 640 7
640 641 11
641 642 10
642 643 11
643 644 9
644 645 11
645 646 10
646 647 11
647 648 8
648 649 11
649 650 10
650 651 11
651 652 9
652 653 11
653 654 10
654 655 11
655 656 6
656 657 10
657 658 11
658 659 9
659 660 11
660 661 10
661 662 11
662 663 8
663 664 11
664 665 10
665 666 11
666 667 9
667 668 11
668 669 10
669 670 11
670 671 7
671 672 11
672 673 10
673 674 11
674 675 9
675 676 11
676 677 10
677 678 11
678 679 8
679 680 11
680 681 10
681 682 11
682 683 9
683 684 11
684 685 10
685 686 11
686 687 5
687 688 10
688 689 11
689 690 9
690 691 11
691 692 10
692 693 11
693 694 8
694 695 11
695 696 10
696 697 11
697 698 9
698 699 11
699 700 10
700 701 11
701 702 7
702 703 11
703 704 10
704 705 11
705 706 9
706 707 11
707 708 10
708 709 11
709 710 8
710 711 11
711 712 10
712 713 11
713 714 9
714 715 11
715 716 10
716 717 11
717 718 6
718 719 11
719 720 10
720 721 11
721 722 9
722 723 11
723 724 10
724 725 11
725 726 8
726 727 11
727 728 10
728 729 11
729 730 9
730 731 11
731 732 10
732 733 11
733 734 7
734 735 11
735 736 10
736 737 11
737 738 9
738 739 11
739 740 10
740 741 11
741 742 8
742 743 11
743 744 10
744 745 11
745 746 9
746 747 11
747 748 10
748 749 11
749 750 3
750 751 10
751 752 11
752 753 9
753 754 11
754 755 10
755 756 11
756 757 8
757 758 11
758 759 10
759 760 11
760 761 9
761 762 11
762 763 10
763 764 11
764 765 7
765 766 11
766 767 10
767 768 11
768 769 9
769 770 11
770 771 10
771 772 11
772 773 8
773 774 11
774 775 10
775 776 11
776 777 9
777 778 11
778 779 10
779 780 11
780 781 6
781 782 10
782 783 11
783 784 9
784 785 11
785 786 10
786 787 11
787 788 8
788 789 11
789 790 10
790 791 11
791 792 9
792 793 11
793 794 10
794 795 11
795 796 7
796 797 11
797 798 10
798 799 11
799 800 9
800 801 11
801 802 10
802 803 11
803 804 8
804 805 11
805 806 10
806 807 11
807 808 9
808 809 11
809 810 10
810 811 11
811 812 5
812 813 10
813 814 11
814 815 9
815 816 11
816 817 10
817 818 11
818 819 8
819 820 11
820 821 10
821 822 11
822 823 9
823 824 11
824 825 10
825 826 11
826 827 7
827 828 11
828 829 10
829 830 11
830 831 9
831 832 11
832 833 10
833 834 11
834 835 8
835 836 11
836 837 10
837 838 11
838 839 9
839 840 11
840 841 10
841 842 11
842 843 6
843 844 11
844 845 10
845 846 11
846 847 9
847 848 11
848 849 10
849 850 11
850 851 8
851 852 11
852 853 10
853 854 11
854 855 9
855 856 11
856 857 10
857 858 11
858 859 7
859 860 11
860 861 10
861 862 11
862 863 9
863 864 11
864 865 10
865 866 11
866 867 8
867 868 11
868 869 10
869 870 11
870 871 9
871 872 11
872 873 10
873 874 11
874 875 4
875 876 10
876 877 11
877 878 9
878 879 11
879 880 10
880 881 11
881 882 8
882 883 11
883 884 10
884 885 11
885 886 9
886 887 11
887 888 10
888 889 11
889 890 7
890 891 11
891 892 10
892 893 11
893 894 9
894 895 11
895 896 10
896 897 11
897 898 8
898 899 11
899 900 10
900 901 11
901 902 9
902 903 11
903 904 10
904 905 11
905 906 6
906 907 11
907 908 10
908 909 11
909 910 9
910 911 11
911 912 10
912 913 11
913 914 8
914 915 11
915 916 10
916 917 11
917 918 9
918 919 11
919 920 10
920 921 11
921 922 7
922 923 11
923 924 10
924 925 11
925 926 9
926 927 11
927 928 10
928 929 11
929 930 8
930 931 11
931 932 10
932 933 11
933 934 9
934 935 11
935 936 10
936 937 11
937 938 5
938 939 10
939 940 11
940 941 9
941 942 11
942 943 10
943 944 11
944 945 8
945 946 11
946 947 10
947 948 11
948 949 9
949 950 11
950 951 10
951 952 11
952 953 7
953 954 11
954 955 10
955 956 11
956 957 9
957 958 11
958 959 10
959 960 11
960 961 8
961 962 11
962 963 10
963 964 11
964 965 9
965 966 11
966 967 10
967 968 11
968 969 6
969 970 11
970 971 10
971 972 11
972 973 9
973 974 11
974 975 10
975 976 11
976 977 8
977 978 11
978 979 10
979 980 11
980 981 9
981 982 11
982 983 10
983 984 11
984 985 7
985 986 11
986 987 10
987 988 11
988 989 9
989 990 11
990 991 10
991 992 11
992 993 8
993 994 11
994 995 10
995 996 11
996 997 9
997 998 11
998 999 10
999 1000 11
1000 1001 1
1001 1002 10
1002 1003 11
1003 1004 9
1004 1005 11
1005 1006 10
1006 1007 11
1007 1008 8
1008 1009 11
1009 1010 10
1010 1011 11
1011 1012 9
1012 1013 11
1013 1014 10
1014 1015 11
1015 1016 7
1016 1017 11
1017 1018 10
1018 1019 11
1019 1020 9
1020 1021 11
1021 1022 10
1022 1023 11
1023 1024 8
1024 1025 11
1025 1026 10
1026 1027 11
1027 1028 9
1028 1029 11
1029 1030 10
1030 1031 11
1031 1032 6
1032 1033 10
1033 1034 11
1034 1035 9
1035 1036 11
1036 1037 10
1037 1038 11
1038 1039 8
1039 1040 11
1040 1041 10
1041 1042 11
1042 1043 9
1043 1044 11
1044 1045 10
1045 1046 11
1046 1047 7
1047 1048 11
1048 1049 10
1049 1050 11
1050 1051 9
1051 1052 11
1052 1053 10
1053 1054 11
1054 1055 8
1055 1056 11
1056 1057 10
1057 1058 11
1058 1059 9
1059 1060 11
1060 1061 10
1061 1062 11
1062 1063 5
1063 1064 10
1064 1065 11
1065 1066 9
1066 1067 11
1067 1068 10
1068 1069 11
1069 1070 8
1070 1071 11
1071 1072 10
1072 1073 11
1073 1074 9
1074 1075 11
1075 1076 10
1076 1077 11
1077 1078 7
1078 1079 11
1079 1080 10
1080 1081 11
1081 1082 9
1082 1083 11
1083 1084 10
1084 1085 11
1085 1086 8
1086 1087 11
1087 1088 10
1088 1089 11
1089 1090 9
1090 1091 11
1091 1092 10
1092 1093 11
1093 1094 6
1094 1095 11
1095 1096 10
1096 1097 11
1097 1098 9
1098 1099 11
1099 1100 10
1100 1101 11
1101 1102 8
1102 1103 11
1103 1104 10
1104 1105 11
1105 1106 9
1106 1107 11
1107 1108 10
1108 1109 11
1109 1110 7
1110 1111 11
1111 1112 10
1112 1113 11
1113 1114 9
1114 1115 11
1115 1116 10
1116 1117 11
1117 1118 8
1118 1119 11
1119 1120 10
1120 1121 11
1121 1122 9
1122 1123 11
1123 1124 10
1124 1125 11
1125 1126 4
1126 1127 10
1127 1128 11
1128 1129 9
1129 1130 11
1130 1131 10
1131 1132 11
1132 1133 8
1133 1134 11
1134 1135 10
1135 1136 11
1136 1137 9
1137 1138 11
1138 1139 10
1139 1140 11
1140 1141 7
1141 1142 11
1142 1143 10
1143 1144 11
1144 1145 9
1145 1146 11
1146 1147 10
1147 1148 11
1148 1149 8
1149 1150 11
1150 1151 10
1151 1152 11
1152 1153 9
1153 1154 11
1154 1155 10
1155 1156 11
1156 1157 6
1157 1158 10
1158 1159 11
1159 1160 9
1160 1161 11
1161 1162 10
1162 1163 11
1163 1164 8
1164 1165 11
1165 1166 10
1166 1167 11
1167 1168 9
1168 1169 11
1169 1170 10
1170 1171 11
1171 1172 7
1172 1173 11
1173 1174 10
1174 1175 11
1175 1176 9
1176 1177 11
1177 1178 10
1178 1179 11
1179 1180 8
1180 1181 11
1181 1182 10
1182 1183 11
1183 1184 9
1184 1185 11
1185 1186 10
1186 1187 11
1187 1188 5
1188 1189 10
1189 1190 11
1190 1191 9
1191 1192 11
1192 1193 10
1193 1194 11
1194 1195 8
1195 1196 11
1196 1197 10
1197 1198 11
1198 1199 9
1199 1200 11
1200 1201 10
1201 1202 11
1202 1203 7
1203 1204 11
1204 1205 10
1205 1206 11
1206 1207 9
1207 1208 11
1208 1209 10
1209 1210 11
1210 1211 8
1211 1212 11
1212 1213 10
1213 1214 11
1214 1215 9
1215 1216 11
1216 1217 10
1217 1218 11
1218 1219 6
1219 1220 11
1220 1221 10
1221 1222 11
1222 1223 9
1223 1224 11
1224 1225 10
1225 1226 11
1226 1227 8
1227 1228 11
1228 1229 10
1229 1230 11
1230 1231 9
1231 1232 11
1232 1233 10
1233 1234 11
1234 1235 7
1235 1236 11
1236 1237 10
1237 1238 11
1238 1239 9
1239 1240 11
1240 1241 10
1241 1242 11
1242 1243 8
1243 1244 11
1244 1245 10
1245 1246 11
1246 1247 9
1247 1248 11
1248 1249 10
1249 1250 11
1250 1251 3
1251 1252 10
1252 1253 11
1253 1254 9
1254 1255 11
1255 1256 10
1256 1257 11
1257 1258 8
1258 1259 11
1259 1260 10
1260 1261 11
1261 1262 9
1262 1263 11
1263 1264 10
1264 1265 11
1265 1266 7
1266 1267 11
1267 1268 10
1268 1269 11
1269 1270 9
1270 1271 11
1271 1272 10
1272 1273 11
1273 1274 8
1274 1275 11
1275 1276 10
1276 1277 11
1277 1278 9
1278 1279 11
1279 1280 10
1280 1281 11
1281 1282 6
1282 1283 10
1283 1284 11
1284 1285 9
1285 1286 11
1286 1287 10
1287 1288 11
1288 1289 8
1289 1290 11
1290 1291 10
1291 1292 11
1292 1293 9
1293 1294 11
1294 1295 10
1295 1296 11
1296 1297 7
1297 1298 11
1298 1299 10
1299 1300 11
1300 1301 9
1301 1302 11
1302 1303 10
1303 1304 11
1304 1305 8
1305 1306 11
1306 1307 10
1307 1308 11
1308 1309 9
1309 1310 11
1310 1311 10
1311 1312 11
1312 1313 5
1313 1314 10
1314 1315 11
1315 1316 9
1316 1317 11
1317 1318 10
1318 1319 11
1319 1320 8
1320 1321 11
1321 1322 10
1322 1323 11
1323 1324 9
1324 1325 11
1325 1326 10
1326 1327 11
1327 1328 7
1328 1329 11
1329 1330 10
1330 1331 11
1331 1332 9
1332 1333 11
1333 1334 10
1334 1335 11
1335 1336 8
1336 1337 11
1337 1338 10
1338 1339 11
1339 1340 9
1340 1341 11
1341 1342 10
1342 1343 11
1343 1344 6
1344 1345 11
1345 1346 10
1346 1347 11
1347 1348 9
1348 1349 11
1349 1350 10
1350 1351 11
1351 1352 8
1352 1353 11
1353 1354 10
1354 1355 11
1355 1356 9
1356 1357 11
1357 1358 10
1358 1359 11
1359 1360 7
1360 1361 11
1361 1362 10
1362 1363 11
1363 1364 9
1364 1365 11
1365 1366 10
1366 1367 11
1367 1368 8
1368 1369 11
1369 1370 10
1370 1371 11
1371 1372 9
1372 1373 11
1373 1374 10
1374 1375 11
1376 1377 10
1377 1378 11
1378 1379 9
1379 1380 11
1380 1381 10
1381 1382 11
1382 1383 8
1383 1384 11
1384 1385 10
1385 1386 11
1386 1387 9
1387 1388 11
1388 1389 10
1389 1390 11
1390 1391 7
1391 1392 11
1392 1393 10
1393 1394 11
1394 1395 9
1395 1396 11
1396 1397 10
1397 1398 11
1398 1399 8
1399 1400 11
1400 1401 10
1401 1402 11
1402 1403 9
1403 1404 11
1404 1405 10
1405 1406 11
1406 1407 6
1407 1408 10
1408 1409 11
1409 1410 9
1410 1411 11
1411 1412 10
1412 1413 11
1413 1414 8
1414 1415 11
1415 1416 10
1416 1417 11
1417 1418 9
1418 1419 11
1419 1420 10
1420 1421 11
1421 1422 7
1422 1423 11
1423 1424 10
1424 1425 11
1425 1426 9
1426 1427 11
1427 1428 10
1428 1429 11
1429 1430 8
1430 1431 11
1431 1432 10
1432 1433 11
1433 1434 9
1434 1435 11
1435 1436 10
1436 1437 11
1437 1438 5
1438 1439 10
1439 1440 11
1440 1441 9
1441 1442 11
1442 1443 10
1443 1444 11
1444 1445 8
1445 1446 11
1446 1447 10
1447 1448 11
1448 1449 9
1449 1450 11
1450 1451 10
1451 1452 11
1452 1453 7
1453 1454 11
1454 1455 10
1455 1456 11
1456 1457 9
1457 1458 11
1458 1459 10
1459 1460 11
1460 1461 8
1461 1462 11
1462 1463 10
1463 1464 11
1464 1465 9
1465 1466 11
1466 1467 10
1467 1468 11
1468 1469 6
1469 1470 11
1470 1471 10
1471 1472 11
1472 1473 9
1473 1474 11
1474 1475 10
1475 1476 11
1476 1477 8
1477 1478 11
1478 1479 10
1479 1480 11
1480 1481 9
1481 1482 11
1482 1483 10
1483 1484 11
1484 1485 7
1485 1486 11
1486 1487 10
1487 1488 11
1488 1489 9
1489 1490 11
1490 1491 10
1491 1492 11
1492 1493 8
1493 1494 11
1494 1495 10
1495 1496 11
1496 1497 9
1497 1498 11
1498 1499 10
1499 1500 11
1500 1501 2
1501 1502 10
1502 1503 11
1503 1504 9
1504 1505 11
1505 1506 10
1506 1507 11
1507 1508 8
1508 1509 11
1509 1510 10
1510 1511 11
1511 1512 9
1512 1513 11
1513 1514 10
1514 1515 11
1515 1516 7
1516 1517 11
1517 1518 10
1518 1519 11
1519 1520 9
1520 1521 11
1521 1522 10
1522 1523 11
1523 1524 8
1524 1525 11
1525 1526 10
1526 1527 11
1527 1528 9
1528 1529 11
1529 1530 10
1530 1531 11
1531 1532 6
1532 1533 10
1533 1534 11
1534 1535 9
1535 1536 11
1536 1537 10
1537 1538 11
1538 1539 8
1539 1540 11
1540 1541 10
1541 1542 11
1542 1543 9
1543 1544 11
1544 1545 10
1545 1546 11
1546 1547 7
1547 1548 11
1548 1549 10
1549 1550 11
1550 1551 9
1551 1552 11
1552 1553 10
1553 1554 11
1554 1555 8
1555 1556 11
1556 1557 10
1557 1558 11
1558 1559 9
1559 1560 11
1560 1561 10
1561 1562 11
1562 1563 5
1563 1564 10
1564 1565 11
1565 1566 9
1566 1567 11
1567 1568 10
1568 1569 11
1569 1570 8
1570 1571 11
1571 1572 10
1572 1573 11
1573 1574 9
1574 1575 11
1575 1576 10
1576 1577 11
1577 1578 7
1578 1579 11
1579 1580 10
1580 1581 11
1581 1582 9
1582 1583 11
1583 1584 10
1584 1585 11
1585 1586 8
1586 1587 11
1587 1588 10
1588 1589 11
1589 1590 9
1590 1591 11
1591 1592 10
1592 1593 11
1593 1594 6
1594 1595 11
1595 1596 10
1596 1597 11
1597 1598 9
1598 1599 11
1599 1600 10
1600 1601 11
1601 1602 8
1602 1603 11
1603 1604 10
1604 1605 11
1605 1606 9
1606 1607 11
1607 1608 10
1608 1609 11
1609 1610 7
1610 1611 11
1611 1612 10
1612 1613 11
1613 1614 9
1614 1615 11
1615 1616 10
1616 1617 11
1617 1618 8
1618 1619 11
1619 1620 10
1620 1621 11
1621 1622 9
1622 1623 11
1623 1624 10
1624 1625 11
1625 1626 4
1626 1627 10
1627 1628 11
1628 1629 9
1629 1630 11
1630 1631 10
1631 1632 11
1632 1633 8
1633 1634 11
1634 1635 10
1635 1636 11
1636 1637 9
1637 1638 11
1638 1639 10
1639 1640 11
1640 1641 7
1641 1642 11
1642 1643 10
1643 1644 11
1644 1645 9
1645 1646 11
1646 1647 10
1647 1648 11
1648 1649 8
1649 1650 11
1650 1651 10
1651 1652 11
1652 1653 9
1653 1654 11
1654 1655 10
1655 1656 11
1656 1657 6
1657 1658 10
1658 1659 11
1659 1660 9
1660 1661 11
1661 1662 10
1662 1663 11
1663 1664 8
1664 1665 11
1665 1666 10
1666 1667 11
1667 1668 9
1668 1669 11
1669 1670 10
1670 1671 11
1671 1672 7
1672 1673 11
1673 1674 10
1674 1675 11
1675 1676 9
1676 1677 11
1677 1678 10
1678 1679 11
1679 1680 8
1680 1681 11
1681 1682 10
1682 1683 11
1683 1684 9
1684 1685 11
1685 1686 10
1686 1687 11
1687 1688 5
1688 1689 10
1689 1690 11
1690 1691 9
1691 1692 11
1692 1693 10
1693 1694 11
1694 1695 8
1695 1696 11
1696 1697 10
1697 1698 11
1698 1699 9
1699 1700 11
1700 1701 10
1701 1702 11
1702 1703 7
1703 1704 11
1704 1705 10
1705 1706 11
1706 1707 9
1707 1708 11
1708 1709 10
1709 1710 11
1710 1711 8
1711 1712 11
1712 1713 10
1713 1714 11
1714 1715 9
1715 1716 11
1716 1717 10
1717 1718 11
1718 1719 6
1719 1720 11
1720 1721 10
1721 1722 11
1722 1723 9
1723 1724 11
1724 1725 10
1725 1726 11
1726 1727 8
1727 1728 11
1728 1729 10
1729 1730 11
1730 1731 9
1731 1732 11
1732 1733 10
1733 1734 11
1734 1735 7
1735 1736 11
1736 1737 10
1737 1738 11
1738 1739 9
1739 1740 11
1740 1741 10
1741 1742 11
1742 1743 8
1743 1744 11
1744 1745 10
1745 1746 11
1746 1747 9
1747 1748 11
1748 1749 10
1749 1750 11
1750 1751 3
1751 1752 10
1752 1753 11
1753 1754 9
1754 1755 11
1755 1756 10
1756 1757 11
1757 1758 8
1758 1759 11
1759 1760 10
1760 1761 11
1761 1762 9
1762 1763 11
1763 1764 10
1764 1765 11
1765 1766 7
1766 1767 11
1767 1768 10
1768 1769 11
1769 1770 9
1770 1771 11
1771 1772 10
1772 1773 11
1773 1774 8
1774 1775 11
1775 1776 10
1776 1777 11
1777 1778 9
1778 1779 11
1779 1780 10
1780 1781 11
1781 1782 6
1782 1783 10
1783 1784 11
1784 1785 9
1785 1786 11
1786 1787 10
1787 1788 11
1788 1789 8
1789 1790 11
1790 1791 10
1791 1792 11
1792 1793 9
1793 1794 11
1794 1795 10
1795 1796 11
1796 1797 7
1797 1798 11
1798 1799 10
1799 1800 11
1800 1801 9
1801 1802 11
1802 1803 10
1803 1804 11
1804 1805 8
1805 1806 11
1806 1807 10
1807 1808 11
1808 1809 9
1809 1810 11
1810 1811 10
1811 1812 11
1812 1813 5
1813 1814 10
1814 1815 11
1815 1816 9
1816 1817 11
1817 1818 10
1818 1819 11
1819 1820 8
1820 1821 11
1821 1822 10
1822 1823 11
1823 1824 9
1824 1825 11
1825 1826 10
1826 1827 11
1827 1828 7
1828 1829 11
1829 1830 10
1830 1831 11
1831 1832 9
1832 1833 11
1833 1834 10
1834 1835 11
1835 1836 8
1836 1837 11
1837 1838 10
1838 1839 11
1839 1840 9
1840 1841 11
1841 1842 10
1842 1843 11
1843 1844 6
1844 1845 11
1845 1846 10
1846 1847 11
1847 1848 9
1848 1849 11
1849 1850 10
1850 1851 11
1851 1852 8
1852 1853 11
1853 1854 10
1854 1855 11
1855 1856 9
1856 1857 11
1857 1858 10
1858 1859 11
1859 1860 7
1860 1861 11
1861 1862 10
1862 1863 11
1863 1864 9
1864 1865 11
1865 1866 10
1866 1867 11
1867 1868 8
1868 1869 11
1869 1870 10
1870 1871 11
1871 1872 9
1872 1873 11
1873 1874 10
1874 1875 11
1875 1876 4
1876 1877 10
1877 1878 11
1878 1879 9
1879 1880 11
1880 1881 10
1881 1882 11
1882 1883 8
1883 1884 11
1884 1885 10
1885 1886 11
1886 1887 9
1887 1888 11
1888 1889 10
1889 1890 11
1890 1891 7
1891 1892 11
1892 1893 10
1893 1894 11
1894 1895 9
1895 1896 11
1896 1897 10
1897 1898 11
1898 1899 8
1899 1900 11
1900 1901 10
1901 1902 11
1902 1903 9
1903 1904 11
1904 1905 10
1905 1906 11
1906 1907 6
1907 1908 11
1908 1909 10
1909 1910 11
1910 1911 9
1911 1912 11
1912 1913 10
1913 1914 11
1914 1915 8
1915 1916 11
1916 1917 10
1917 1918 11
1918 1919 9
1919 1920 11
1920 1921 10
1921 1922 11
1922 1923 7
1923 1924 11
1924 1925 10
1925 1926 11
1926 1927 9
1927 1928 11
1928 1929 10
1929 1930 11
1930 1931 8
1931 1932 11
1932 1933 10
1933 1934 11
1934 1935 9
1935 1936 11
1936 1937 10
1937 1938 11
1938 1939 5
1939 1940 10
1940 1941 11
1941 1942 9
1942 1943 11
1943 1944 10
1944 1945 11
1945 1946 8
1946 1947 11
1947 1948 10
1948 1949 11
1949 1950 9
1950 1951 11
1951 1952 10
1952 1953 11
1953 1954 7
1954 1955 11
1955 1956 10
1956 1957 11
1957 1958 9
1958 1959 11
1959 1960 10
1960 1961 11
1961 1962 8
1962 1963 11
1963 1964 10
1964 1965 11
1965 1966 9
1966 1967 11
1967 1968 10
1968 1969 11
1969 1970 6
1970 1971 11
1971 1972 10
1972 1973 11
1973 1974 9
1974 1975 11
1975 1976 10
1976 1977 11
1977 1978 8
1978 1979 11
1979 1980 10
1980 1981 11
1981 1982 9
1982 1983 11
1983 1984 10
1984 1985 11
1985 1986 7
1986 1987 11
1987 1988 10
1988 1989 11
1989 1990 9
1990 1991 11
1991 1992 10
1992 1993 11
1993 1994 8
1994 1995 11
1995 1996 10
1996 1997 11
1997 1998 9
1998 1999 11
1999 2000 10
2000 2001 11
